30
0 1 70.749
0 2 73.347
0 3 91.467
0 4 5.174
0 5 88.015
0 6 21.533
0 7 28.811
0 8 20.579
0 9 99.85
0 10 48.996
0 11 94.752
0 12 2.723
0 13 78.228
0 14 37.784
0 15 20.862
0 16 34.017
0 17 21.717
0 18 94.381
0 19 12.159
0 20 43.33
0 21 85.688
0 22 6.26
0 23 19.068
0 24 46.504
0 25 80.406
0 26 1.668
0 27 63.872
0 28 83.33
0 29 74.078
1 2 62.642
1 3 14.922
1 4 41.276
1 5 29.815
1 6 20.067
1 7 83.258
1 8 20.418
1 9 24.685
1 10 93.53
1 11 91.039
1 12 23.203
1 13 38.411
1 14 17.128
1 15 90.802
1 16 94.228
1 17 20.751
1 18 19.201
1 19 70.965
1 20 90.135
1 21 27.854
1 22 8.085
1 23 65.785
1 24 98.835
1 25 92.071
1 26 66.809
1 27 51.708
1 28 46.573
1 29 55.72
2 3 10.231
2 4 41.918
2 5 81.711
2 6 8.948
2 7 33.788
2 8 84.914
2 9 2.619
2 10 6.698
2 11 44.346
2 12 29.573
2 13 97.897
2 14 68.406
2 15 5.408
2 16 48.303
2 17 18.055
2 18 15.532
2 19 41.087
2 20 68.209
2 21 92.752
2 22 40.078
2 23 16.525
2 24 90.054
2 25 26.955
2 26 2.64
2 27 99.199
2 28 50.338
2 29 48.228
3 4 90.45
3 5 50.644
3 6 22.905
3 7 68.883
3 8 50.312
3 9 29.087
3 10 69.695
3 11 96.58
3 12 78.991
3 13 73.52
3 14 87.411
3 15 3.237
3 16 43.973
3 17 67.838
3 18 67.095
3 19 38.102
3 20 82.182
3 21 19.709
3 22 51.246
3 23 76.656
3 24 94.492
3 25 15.452
3 26 84.379
3 27 56.631
3 28 97.692
3 29 61.058
4 5 72.284
4 6 75.395
4 7 57.008
4 8 84.94
4 9 22.516
4 10 84.291
4 11 43.163
4 12 4.505
4 13 15.74
4 14 35.24
4 15 5.592
4 16 25.318
4 17 56.89
4 18 35.109
4 19 39.618
4 20 10.924
4 21 74.889
4 22 53.097
4 23 28.766
4 24 78.947
4 25 66.408
4 26 80.133
4 27 67.701
4 28 27.325
4 29 69.877
5 6 32.768
5 7 53.225
5 8 8.054
5 9 76.572
5 10 65.755
5 11 12.327
5 12 84.805
5 13 35.68
5 14 26.445
5 15 55.785
5 16 81.469
5 17 29.32
5 18 93.507
5 19 7.824
5 20 23.764
5 21 32.755
5 22 63.51
5 23 71.347
5 24 67.609
5 25 62.847
5 26 9.123
5 27 7.861
5 28 67.977
5 29 53.531
6 7 12.781
6 8 91.964
6 9 52.086
6 10 54.097
6 11 93.713
6 12 30.255
6 13 87.379
6 14 94.072
6 15 25.792
6 16 24.781
6 17 88.739
6 18 68.201
6 19 25.522
6 20 9.235
6 21 31.175
6 22 39.064
6 23 8.372
6 24 14.743
6 25 49.659
6 26 7.277
6 27 40.65
6 28 28.543
6 29 36.001
7 8 94.986
7 9 10.699
7 10 55.24
7 11 63.235
7 12 44.181
7 13 10.338
7 14 84.968
7 15 63.858
7 16 30.367
7 17 20.453
7 18 85.777
7 19 24.185
7 20 33.75
7 21 13.695
7 22 31.007
7 23 6.232
7 24 59.616
7 25 36.107
7 26 17.393
7 27 57.23
7 28 25.737
7 29 7.601
8 9 24.607
8 10 40.678
8 11 8.38
8 12 81.575
8 13 54.019
8 14 50.875
8 15 48.578
8 16 77.754
8 17 95.144
8 18 54.605
8 19 70.471
8 20 56.661
8 21 22.959
8 22 87.332
8 23 77.47
8 24 49.237
8 25 29.907
8 26 59.285
8 27 39.339
8 28 94.182
8 29 18.244
9 10 77.645
9 11 4.075
9 12 72.856
9 13 54.976
9 14 70.813
9 15 19.344
9 16 46.049
9 17 86.299
9 18 26.028
9 19 53.935
9 20 9.709
9 21 74.913
9 22 94.204
9 23 97.2
9 24 51.45
9 25 22.161
9 26 35.625
9 27 84.993
9 28 58.979
9 29 61.549
10 11 76.66
10 12 23.8
10 13 84.911
10 14 96.451
10 15 91.223
10 16 31.736
10 17 74.837
10 18 77.948
10 19 33.663
10 20 9.792
10 21 80.376
10 22 3.139
10 23 6.119
10 24 22.305
10 25 93.177
10 26 71.91
10 27 90.307
10 28 62.438
10 29 7.588
11 12 97.773
11 13 21.933
11 14 11.566
11 15 97.828
11 16 78.411
11 17 25.854
11 18 81.617
11 19 36.532
11 20 87.683
11 21 51.798
11 22 46.256
11 23 81.167
11 24 35.819
11 25 34.343
11 26 85.192
11 27 63.056
11 28 95.478
11 29 52.914
12 13 91.902
12 14 97.63
12 15 35.377
12 16 94.639
12 17 85.887
12 18 4.815
12 19 89.366
12 20 11.553
12 21 99.265
12 22 46.664
12 23 30.517
12 24 35.376
12 25 52.478
12 26 61.534
12 27 77.406
12 28 26.692
12 29 3.624
13 14 93.105
13 15 78.247
13 16 15.085
13 17 22.636
13 18 70.69
13 19 77.751
13 20 13.694
13 21 32.809
13 22 95.656
13 23 42.305
13 24 17.741
13 25 60.873
13 26 90.417
13 27 28.328
13 28 93.569
13 29 72.89
14 15 59.731
14 16 82.881
14 17 41.901
14 18 27.368
14 19 85.813
14 20 20.037
14 21 10.702
14 22 46.359
14 23 26.022
14 24 49.547
14 25 60.482
14 26 27.39
14 27 24.8
14 28 57.287
14 29 92.099
15 16 25.794
15 17 10.452
15 18 48.353
15 19 41.39
15 20 52.416
15 21 77.569
15 22 87.507
15 23 35.935
15 24 54.879
15 25 56.904
15 26 7.188
15 27 9.288
15 28 10.694
15 29 75.524
16 17 95.568
16 18 54.147
16 19 76.485
16 20 90.041
16 21 25.998
16 22 52.702
16 23 8.007
16 24 33.734
16 25 10.31
16 26 43.066
16 27 14.525
16 28 32.406
16 29 39.998
17 18 7.228
17 19 33.297
17 20 65.73
17 21 40.269
17 22 71.611
17 23 72.182
17 24 54.596
17 25 19.956
17 26 69.165
17 27 85.366
17 28 14.321
17 29 62.307
18 19 12.926
18 20 70.944
18 21 62.817
18 22 50.775
18 23 11.492
18 24 54.291
18 25 7.026
18 26 35.672
18 27 38.828
18 28 92.056
18 29 86.396
19 20 8.601
19 21 42.053
19 22 87.102
19 23 15.43
19 24 59.187
19 25 75.714
19 26 40.065
19 27 3.606
19 28 70.241
19 29 32.962
20 21 56.291
20 22 23.344
20 23 24.322
20 24 64.773
20 25 35.837
20 26 34.067
20 27 27.223
20 28 93.615
20 29 77.197
21 22 36.332
21 23 56.058
21 24 85.289
21 25 17.324
21 26 34.631
21 27 13.108
21 28 3.212
21 29 39.703
22 23 68.849
22 24 85.385
22 25 46.997
22 26 54.542
22 27 79.036
22 28 81.019
22 29 55.91
23 24 89.217
23 25 22.164
23 26 12.59
23 27 8.077
23 28 69.624
23 29 94.73
24 25 72.683
24 26 21.664
24 27 3.455
24 28 2.617
24 29 25.568
25 26 24.262
25 27 77.37
25 28 74.873
25 29 69.358
26 27 79.184
26 28 22.082
26 29 24.741
27 28 24.258
27 29 83.252
28 29 99.818